125 3859
1 7 1
1 8 1
1 9 1
1 14 1
1 19 1
1 20 1
1 23 1
1 24 1
1 31 1
1 34 1
1 35 1
1 39 1
1 41 1
1 42 1
1 43 1
1 44 1
1 48 1
1 50 1
1 51 1
1 52 1
1 53 1
1 55 1
1 63 1
1 64 1
1 65 1
1 66 1
1 68 1
1 70 1
1 72 1
1 73 1
1 74 1
1 75 1
1 76 1
1 77 1
1 78 1
1 79 1
1 85 1
1 86 1
1 87 1
1 88 1
1 89 1
1 90 1
1 102 1
1 109 1
1 110 1
1 111 1
1 112 1
1 113 1
1 115 1
1 118 1
1 119 1
1 125 1
2 3 1
2 8 1
2 9 1
2 12 1
2 16 1
2 17 1
2 19 1
2 20 1
2 22 1
2 24 1
2 25 1
2 29 1
2 36 1
2 38 1
2 41 1
2 43 1
2 45 1
2 47 1
2 48 1
2 51 1
2 52 1
2 53 1
2 63 1
2 65 1
2 69 1
2 71 1
2 77 1
2 80 1
2 81 1
2 83 1
2 84 1
2 85 1
2 86 1
2 87 1
2 88 1
2 90 1
2 92 1
2 93 1
2 95 1
2 96 1
2 97 1
2 99 1
2 101 1
2 103 1
2 106 1
2 107 1
2 108 1
2 109 1
2 110 1
2 112 1
2 117 1
2 119 1
2 120 1
2 121 1
2 122 1
2 125 1
3 9 1
3 11 1
3 12 1
3 15 1
3 16 1
3 19 1
3 20 1
3 21 1
3 22 1
3 23 1
3 26 1
3 27 1
3 29 1
3 31 1
3 35 1
3 38 1
3 39 1
3 46 1
3 47 1
3 48 1
3 51 1
3 52 1
3 53 1
3 55 1
3 56 1
3 58 1
3 62 1
3 63 1
3 67 1
3 68 1
3 70 1
3 72 1
3 73 1
3 75 1
3 76 1
3 77 1
3 86 1
3 88 1
3 90 1
3 92 1
3 93 1
3 95 1
3 96 1
3 98 1
3 99 1
3 100 1
3 102 1
3 103 1
3 104 1
3 109 1
3 115 1
3 116 1
3 117 1
3 123 1
3 125 1
4 5 1
4 7 1
4 8 1
4 9 1
4 11 1
4 13 1
4 15 1
4 19 1
4 20 1
4 22 1
4 26 1
4 28 1
4 31 1
4 33 1
4 36 1
4 37 1
4 38 1
4 42 1
4 44 1
4 48 1
4 49 1
4 50 1
4 53 1
4 54 1
4 57 1
4 59 1
4 62 1
4 64 1
4 65 1
4 69 1
4 70 1
4 72 1
4 74 1
4 75 1
4 78 1
4 80 1
4 82 1
4 83 1
4 84 1
4 86 1
4 88 1
4 89 1
4 91 1
4 95 1
4 97 1
4 98 1
4 99 1
4 100 1
4 102 1
4 106 1
4 107 1
4 108 1
4 109 1
4 110 1
4 111 1
4 119 1
4 120 1
4 122 1
4 123 1
5 6 1
5 7 1
5 10 1
5 14 1
5 18 1
5 19 1
5 21 1
5 22 1
5 23 1
5 25 1
5 26 1
5 27 1
5 28 1
5 29 1
5 32 1
5 33 1
5 34 1
5 36 1
5 37 1
5 38 1
5 39 1
5 40 1
5 42 1
5 43 1
5 45 1
5 46 1
5 49 1
5 50 1
5 52 1
5 53 1
5 56 1
5 57 1
5 58 1
5 60 1
5 63 1
5 64 1
5 68 1
5 69 1
5 70 1
5 72 1
5 73 1
5 74 1
5 75 1
5 80 1
5 81 1
5 82 1
5 83 1
5 85 1
5 89 1
5 90 1
5 94 1
5 95 1
5 97 1
5 99 1
5 105 1
5 108 1
5 110 1
5 113 1
5 114 1
5 115 1
5 116 1
5 117 1
5 118 1
5 119 1
5 121 1
5 122 1
5 123 1
5 124 1
6 8 1
6 9 1
6 12 1
6 13 1
6 14 1
6 15 1
6 16 1
6 20 1
6 22 1
6 24 1
6 25 1
6 27 1
6 30 1
6 31 1
6 32 1
6 33 1
6 35 1
6 39 1
6 40 1
6 41 1
6 43 1
6 45 1
6 50 1
6 57 1
6 62 1
6 63 1
6 64 1
6 68 1
6 69 1
6 70 1
6 71 1
6 73 1
6 74 1
6 76 1
6 77 1
6 78 1
6 79 1
6 83 1
6 86 1
6 87 1
6 88 1
6 93 1
6 94 1
6 97 1
6 102 1
6 104 1
6 105 1
6 107 1
6 108 1
6 109 1
6 113 1
6 115 1
6 117 1
6 118 1
6 122 1
6 124 1
7 8 1
7 9 1
7 11 1
7 13 1
7 15 1
7 16 1
7 17 1
7 22 1
7 23 1
7 27 1
7 28 1
7 29 1
7 30 1
7 33 1
7 34 1
7 41 1
7 42 1
7 48 1
7 49 1
7 53 1
7 54 1
7 55 1
7 56 1
7 60 1
7 62 1
7 64 1
7 66 1
7 69 1
7 70 1
7 71 1
7 73 1
7 74 1
7 75 1
7 76 1
7 77 1
7 80 1
7 84 1
7 85 1
7 88 1
7 89 1
7 90 1
7 91 1
7 97 1
7 98 1
7 101 1
7 102 1
7 103 1
7 104 1
7 105 1
7 107 1
7 108 1
7 109 1
7 112 1
7 114 1
7 116 1
7 117 1
7 119 1
7 123 1
7 124 1
7 125 1
8 9 1
8 19 1
8 20 1
8 22 1
8 23 1
8 25 1
8 27 1
8 28 1
8 30 1
8 31 1
8 32 1
8 34 1
8 37 1
8 39 1
8 40 1
8 41 1
8 42 1
8 44 1
8 46 1
8 47 1
8 49 1
8 51 1
8 52 1
8 53 1
8 55 1
8 57 1
8 60 1
8 62 1
8 63 1
8 65 1
8 66 1
8 67 1
8 68 1
8 70 1
8 71 1
8 79 1
8 81 1
8 87 1
8 88 1
8 89 1
8 91 1
8 92 1
8 93 1
8 94 1
8 97 1
8 98 1
8 102 1
8 103 1
8 106 1
8 108 1
8 110 1
8 111 1
8 112 1
8 113 1
8 115 1
8 119 1
8 120 1
8 121 1
8 123 1
8 124 1
9 10 1
9 14 1
9 15 1
9 18 1
9 19 1
9 20 1
9 26 1
9 28 1
9 29 1
9 30 1
9 31 1
9 33 1
9 36 1
9 39 1
9 41 1
9 42 1
9 43 1
9 44 1
9 45 1
9 48 1
9 53 1
9 58 1
9 60 1
9 61 1
9 62 1
9 63 1
9 68 1
9 70 1
9 76 1
9 79 1
9 80 1
9 89 1
9 91 1
9 92 1
9 93 1
9 94 1
9 95 1
9 97 1
9 98 1
9 99 1
9 101 1
9 102 1
9 103 1
9 104 1
9 105 1
9 109 1
9 110 1
9 112 1
9 113 1
9 114 1
9 115 1
9 116 1
9 120 1
9 121 1
9 124 1
9 125 1
10 11 1
10 12 1
10 13 1
10 18 1
10 20 1
10 22 1
10 23 1
10 24 1
10 32 1
10 34 1
10 35 1
10 39 1
10 42 1
10 43 1
10 46 1
10 47 1
10 49 1
10 51 1
10 52 1
10 53 1
10 54 1
10 55 1
10 56 1
10 57 1
10 59 1
10 61 1
10 62 1
10 63 1
10 65 1
10 69 1
10 70 1
10 73 1
10 75 1
10 76 1
10 77 1
10 78 1
10 80 1
10 82 1
10 83 1
10 86 1
10 90 1
10 93 1
10 98 1
10 99 1
10 100 1
10 104 1
10 106 1
10 107 1
10 111 1
10 112 1
10 113 1
10 114 1
10 115 1
10 122 1
10 124 1
11 14 1
11 15 1
11 16 1
11 17 1
11 18 1
11 19 1
11 21 1
11 24 1
11 26 1
11 27 1
11 29 1
11 33 1
11 35 1
11 36 1
11 38 1
11 39 1
11 42 1
11 44 1
11 47 1
11 50 1
11 51 1
11 53 1
11 56 1
11 60 1
11 63 1
11 64 1
11 65 1
11 66 1
11 69 1
11 70 1
11 72 1
11 74 1
11 76 1
11 77 1
11 78 1
11 80 1
11 81 1
11 84 1
11 92 1
11 94 1
11 95 1
11 96 1
11 97 1
11 98 1
11 100 1
11 101 1
11 106 1
11 107 1
11 109 1
11 110 1
11 111 1
11 115 1
11 116 1
11 117 1
11 118 1
11 120 1
11 121 1
11 124 1
11 125 1
12 14 1
12 16 1
12 19 1
12 22 1
12 23 1
12 25 1
12 27 1
12 28 1
12 29 1
12 31 1
12 35 1
12 37 1
12 38 1
12 40 1
12 42 1
12 44 1
12 47 1
12 49 1
12 52 1
12 55 1
12 56 1
12 58 1
12 60 1
12 61 1
12 66 1
12 67 1
12 68 1
12 69 1
12 70 1
12 71 1
12 73 1
12 78 1
12 80 1
12 82 1
12 83 1
12 84 1
12 86 1
12 88 1
12 91 1
12 93 1
12 94 1
12 95 1
12 96 1
12 99 1
12 100 1
12 101 1
12 102 1
12 106 1
12 107 1
12 110 1
12 111 1
12 114 1
12 115 1
12 117 1
12 118 1
12 120 1
12 124 1
13 14 1
13 19 1
13 23 1
13 26 1
13 27 1
13 28 1
13 30 1
13 31 1
13 32 1
13 34 1
13 37 1
13 38 1
13 40 1
13 42 1
13 44 1
13 45 1
13 46 1
13 49 1
13 51 1
13 52 1
13 53 1
13 55 1
13 56 1
13 57 1
13 58 1
13 61 1
13 62 1
13 66 1
13 67 1
13 68 1
13 71 1
13 72 1
13 73 1
13 77 1
13 79 1
13 80 1
13 82 1
13 86 1
13 90 1
13 91 1
13 92 1
13 95 1
13 96 1
13 97 1
13 101 1
13 104 1
13 105 1
13 106 1
13 109 1
13 111 1
13 114 1
13 118 1
13 119 1
13 122 1
13 124 1
13 125 1
14 15 1
14 16 1
14 17 1
14 18 1
14 19 1
14 21 1
14 22 1
14 23 1
14 25 1
14 26 1
14 27 1
14 28 1
14 30 1
14 32 1
14 33 1
14 34 1
14 36 1
14 41 1
14 45 1
14 49 1
14 52 1
14 53 1
14 54 1
14 56 1
14 58 1
14 59 1
14 60 1
14 62 1
14 63 1
14 68 1
14 69 1
14 73 1
14 76 1
14 80 1
14 81 1
14 82 1
14 83 1
14 85 1
14 86 1
14 87 1
14 88 1
14 92 1
14 96 1
14 99 1
14 101 1
14 102 1
14 103 1
14 106 1
14 107 1
14 108 1
14 110 1
14 111 1
14 113 1
14 115 1
14 116 1
14 117 1
14 122 1
15 16 1
15 20 1
15 23 1
15 24 1
15 25 1
15 27 1
15 28 1
15 32 1
15 34 1
15 35 1
15 38 1
15 39 1
15 40 1
15 42 1
15 44 1
15 45 1
15 46 1
15 48 1
15 49 1
15 50 1
15 53 1
15 56 1
15 58 1
15 60 1
15 61 1
15 62 1
15 64 1
15 68 1
15 69 1
15 71 1
15 72 1
15 73 1
15 76 1
15 79 1
15 80 1
15 84 1
15 85 1
15 87 1
15 88 1
15 90 1
15 91 1
15 95 1
15 96 1
15 97 1
15 99 1
15 101 1
15 102 1
15 107 1
15 108 1
15 111 1
15 112 1
15 113 1
15 116 1
15 118 1
15 119 1
15 121 1
15 123 1
16 18 1
16 20 1
16 28 1
16 32 1
16 35 1
16 40 1
16 41 1
16 43 1
16 44 1
16 46 1
16 47 1
16 49 1
16 50 1
16 52 1
16 56 1
16 61 1
16 62 1
16 63 1
16 64 1
16 66 1
16 67 1
16 68 1
16 70 1
16 71 1
16 72 1
16 74 1
16 75 1
16 77 1
16 78 1
16 79 1
16 82 1
16 88 1
16 90 1
16 92 1
16 93 1
16 94 1
16 95 1
16 97 1
16 98 1
16 103 1
16 104 1
16 106 1
16 107 1
16 108 1
16 109 1
16 110 1
16 111 1
16 113 1
16 114 1
16 116 1
16 117 1
16 121 1
16 124 1
16 125 1
17 18 1
17 19 1
17 21 1
17 24 1
17 28 1
17 31 1
17 33 1
17 37 1
17 38 1
17 40 1
17 41 1
17 42 1
17 44 1
17 45 1
17 46 1
17 48 1
17 49 1
17 51 1
17 52 1
17 53 1
17 54 1
17 55 1
17 59 1
17 60 1
17 63 1
17 66 1
17 70 1
17 71 1
17 72 1
17 80 1
17 81 1
17 83 1
17 86 1
17 87 1
17 88 1
17 89 1
17 92 1
17 94 1
17 95 1
17 96 1
17 99 1
17 101 1
17 107 1
17 113 1
17 119 1
17 121 1
17 122 1
17 123 1
17 125 1
18 24 1
18 29 1
18 33 1
18 34 1
18 37 1
18 38 1
18 40 1
18 41 1
18 42 1
18 44 1
18 47 1
18 49 1
18 52 1
18 53 1
18 56 1
18 58 1
18 61 1
18 63 1
18 65 1
18 66 1
18 68 1
18 69 1
18 70 1
18 71 1
18 75 1
18 78 1
18 80 1
18 82 1
18 83 1
18 90 1
18 95 1
18 96 1
18 98 1
18 102 1
18 108 1
18 109 1
18 110 1
18 111 1
18 113 1
18 115 1
18 118 1
18 122 1
18 123 1
18 124 1
19 21 1
19 25 1
19 28 1
19 29 1
19 30 1
19 32 1
19 36 1
19 42 1
19 43 1
19 44 1
19 46 1
19 47 1
19 48 1
19 50 1
19 51 1
19 54 1
19 55 1
19 57 1
19 58 1
19 62 1
19 63 1
19 67 1
19 68 1
19 70 1
19 71 1
19 75 1
19 76 1
19 77 1
19 78 1
19 85 1
19 86 1
19 89 1
19 91 1
19 94 1
19 95 1
19 96 1
19 99 1
19 105 1
19 106 1
19 109 1
19 110 1
19 111 1
19 113 1
19 114 1
19 118 1
19 122 1
19 123 1
20 21 1
20 22 1
20 28 1
20 29 1
20 32 1
20 33 1
20 35 1
20 36 1
20 37 1
20 38 1
20 39 1
20 40 1
20 46 1
20 48 1
20 49 1
20 53 1
20 54 1
20 55 1
20 57 1
20 58 1
20 59 1
20 61 1
20 63 1
20 64 1
20 65 1
20 71 1
20 72 1
20 73 1
20 74 1
20 77 1
20 78 1
20 80 1
20 81 1
20 85 1
20 86 1
20 88 1
20 89 1
20 91 1
20 93 1
20 94 1
20 96 1
20 97 1
20 98 1
20 99 1
20 103 1
20 104 1
20 105 1
20 106 1
20 107 1
20 109 1
20 111 1
20 112 1
20 113 1
20 119 1
20 122 1
20 123 1
21 23 1
21 25 1
21 28 1
21 30 1
21 32 1
21 34 1
21 35 1
21 36 1
21 39 1
21 42 1
21 43 1
21 49 1
21 50 1
21 56 1
21 57 1
21 59 1
21 67 1
21 68 1
21 69 1
21 70 1
21 72 1
21 73 1
21 76 1
21 77 1
21 80 1
21 82 1
21 84 1
21 86 1
21 89 1
21 90 1
21 92 1
21 94 1
21 95 1
21 96 1
21 97 1
21 99 1
21 101 1
21 102 1
21 103 1
21 105 1
21 106 1
21 107 1
21 108 1
21 109 1
21 111 1
21 112 1
21 115 1
21 117 1
21 119 1
21 121 1
21 124 1
21 125 1
22 26 1
22 27 1
22 30 1
22 31 1
22 32 1
22 35 1
22 39 1
22 40 1
22 42 1
22 43 1
22 44 1
22 46 1
22 48 1
22 51 1
22 52 1
22 53 1
22 54 1
22 59 1
22 66 1
22 67 1
22 68 1
22 70 1
22 71 1
22 72 1
22 75 1
22 77 1
22 78 1
22 80 1
22 81 1
22 82 1
22 83 1
22 84 1
22 86 1
22 88 1
22 89 1
22 92 1
22 93 1
22 94 1
22 101 1
22 106 1
22 107 1
22 109 1
22 112 1
22 113 1
22 114 1
22 117 1
22 118 1
22 119 1
22 121 1
22 122 1
22 123 1
22 124 1
22 125 1
23 32 1
23 33 1
23 34 1
23 36 1
23 37 1
23 39 1
23 40 1
23 41 1
23 42 1
23 48 1
23 50 1
23 52 1
23 53 1
23 57 1
23 60 1
23 62 1
23 63 1
23 64 1
23 69 1
23 74 1
23 75 1
23 77 1
23 79 1
23 81 1
23 83 1
23 84 1
23 85 1
23 86 1
23 89 1
23 90 1
23 91 1
23 92 1
23 93 1
23 95 1
23 100 1
23 101 1
23 102 1
23 104 1
23 108 1
23 109 1
23 112 1
23 114 1
23 117 1
23 118 1
23 120 1
23 121 1
23 124 1
24 27 1
24 30 1
24 31 1
24 32 1
24 36 1
24 37 1
24 39 1
24 40 1
24 46 1
24 52 1
24 53 1
24 57 1
24 59 1
24 60 1
24 61 1
24 64 1
24 65 1
24 71 1
24 73 1
24 75 1
24 77 1
24 81 1
24 83 1
24 84 1
24 85 1
24 86 1
24 89 1
24 90 1
24 92 1
24 94 1
24 97 1
24 103 1
24 107 1
24 108 1
24 112 1
24 115 1
24 117 1
24 120 1
24 121 1
24 122 1
24 124 1
25 28 1
25 33 1
25 36 1
25 38 1
25 41 1
25 45 1
25 47 1
25 50 1
25 51 1
25 54 1
25 56 1
25 57 1
25 58 1
25 59 1
25 62 1
25 63 1
25 66 1
25 68 1
25 69 1
25 70 1
25 71 1
25 72 1
25 74 1
25 75 1
25 76 1
25 77 1
25 78 1
25 80 1
25 82 1
25 83 1
25 87 1
25 88 1
25 90 1
25 91 1
25 92 1
25 94 1
25 96 1
25 97 1
25 98 1
25 100 1
25 101 1
25 102 1
25 107 1
25 109 1
25 111 1
25 112 1
25 113 1
25 114 1
25 115 1
25 116 1
25 117 1
25 120 1
25 122 1
25 123 1
26 27 1
26 29 1
26 31 1
26 32 1
26 35 1
26 37 1
26 39 1
26 49 1
26 51 1
26 56 1
26 65 1
26 67 1
26 71 1
26 72 1
26 73 1
26 74 1
26 75 1
26 77 1
26 79 1
26 80 1
26 81 1
26 82 1
26 84 1
26 89 1
26 91 1
26 92 1
26 93 1
26 96 1
26 98 1
26 102 1
26 104 1
26 106 1
26 107 1
26 110 1
26 111 1
26 112 1
26 115 1
26 116 1
26 117 1
26 118 1
26 120 1
26 124 1
27 28 1
27 31 1
27 32 1
27 34 1
27 36 1
27 37 1
27 38 1
27 41 1
27 42 1
27 43 1
27 44 1
27 46 1
27 48 1
27 49 1
27 50 1
27 53 1
27 55 1
27 56 1
27 57 1
27 58 1
27 60 1
27 61 1
27 62 1
27 64 1
27 65 1
27 67 1
27 68 1
27 70 1
27 74 1
27 77 1
27 81 1
27 82 1
27 85 1
27 86 1
27 88 1
27 90 1
27 91 1
27 93 1
27 94 1
27 97 1
27 100 1
27 101 1
27 102 1
27 105 1
27 106 1
27 108 1
27 110 1
27 111 1
27 112 1
27 117 1
27 119 1
27 120 1
27 123 1
27 124 1
27 125 1
28 31 1
28 35 1
28 37 1
28 40 1
28 41 1
28 43 1
28 46 1
28 48 1
28 49 1
28 51 1
28 53 1
28 60 1
28 61 1
28 62 1
28 63 1
28 64 1
28 68 1
28 73 1
28 76 1
28 77 1
28 78 1
28 80 1
28 82 1
28 84 1
28 85 1
28 91 1
28 93 1
28 96 1
28 99 1
28 100 1
28 103 1
28 107 1
28 108 1
28 109 1
28 110 1
28 111 1
28 113 1
28 116 1
28 122 1
28 124 1
29 30 1
29 34 1
29 35 1
29 36 1
29 37 1
29 39 1
29 41 1
29 42 1
29 43 1
29 45 1
29 48 1
29 49 1
29 50 1
29 51 1
29 53 1
29 54 1
29 56 1
29 61 1
29 64 1
29 65 1
29 67 1
29 68 1
29 71 1
29 72 1
29 73 1
29 75 1
29 77 1
29 80 1
29 81 1
29 82 1
29 83 1
29 85 1
29 86 1
29 87 1
29 89 1
29 90 1
29 97 1
29 98 1
29 100 1
29 102 1
29 103 1
29 104 1
29 105 1
29 106 1
29 107 1
29 108 1
29 109 1
29 110 1
29 111 1
29 112 1
29 113 1
29 117 1
29 120 1
29 121 1
29 123 1
29 125 1
30 31 1
30 32 1
30 33 1
30 34 1
30 39 1
30 40 1
30 42 1
30 43 1
30 44 1
30 47 1
30 48 1
30 50 1
30 51 1
30 54 1
30 55 1
30 56 1
30 57 1
30 59 1
30 60 1
30 61 1
30 64 1
30 66 1
30 67 1
30 69 1
30 72 1
30 78 1
30 80 1
30 81 1
30 82 1
30 83 1
30 84 1
30 86 1
30 89 1
30 90 1
30 91 1
30 92 1
30 94 1
30 100 1
30 101 1
30 103 1
30 106 1
30 115 1
30 116 1
30 119 1
30 120 1
30 121 1
30 122 1
30 123 1
30 125 1
31 32 1
31 33 1
31 34 1
31 35 1
31 39 1
31 40 1
31 42 1
31 44 1
31 47 1
31 49 1
31 51 1
31 52 1
31 53 1
31 55 1
31 56 1
31 57 1
31 60 1
31 67 1
31 69 1
31 71 1
31 72 1
31 75 1
31 76 1
31 78 1
31 80 1
31 82 1
31 85 1
31 89 1
31 90 1
31 91 1
31 92 1
31 93 1
31 95 1
31 96 1
31 97 1
31 99 1
31 103 1
31 105 1
31 107 1
31 108 1
31 109 1
31 110 1
31 111 1
31 114 1
31 116 1
31 117 1
31 118 1
31 119 1
31 122 1
31 123 1
31 124 1
31 125 1
32 34 1
32 39 1
32 40 1
32 41 1
32 42 1
32 44 1
32 45 1
32 46 1
32 49 1
32 50 1
32 51 1
32 54 1
32 56 1
32 57 1
32 58 1
32 60 1
32 61 1
32 65 1
32 69 1
32 70 1
32 73 1
32 74 1
32 76 1
32 77 1
32 79 1
32 80 1
32 81 1
32 82 1
32 85 1
32 86 1
32 87 1
32 88 1
32 89 1
32 90 1
32 91 1
32 92 1
32 95 1
32 96 1
32 97 1
32 100 1
32 102 1
32 103 1
32 104 1
32 111 1
32 116 1
32 117 1
32 120 1
32 122 1
32 124 1
32 125 1
33 35 1
33 38 1
33 39 1
33 44 1
33 50 1
33 53 1
33 55 1
33 56 1
33 57 1
33 59 1
33 60 1
33 63 1
33 64 1
33 67 1
33 69 1
33 70 1
33 71 1
33 73 1
33 74 1
33 75 1
33 76 1
33 81 1
33 87 1
33 91 1
33 93 1
33 94 1
33 101 1
33 104 1
33 107 1
33 112 1
33 113 1
33 116 1
33 120 1
33 121 1
33 122 1
33 123 1
33 125 1
34 37 1
34 38 1
34 39 1
34 40 1
34 41 1
34 43 1
34 45 1
34 51 1
34 54 1
34 60 1
34 61 1
34 63 1
34 64 1
34 65 1
34 66 1
34 68 1
34 69 1
34 71 1
34 74 1
34 75 1
34 77 1
34 78 1
34 79 1
34 80 1
34 81 1
34 82 1
34 83 1
34 88 1
34 89 1
34 94 1
34 97 1
34 98 1
34 101 1
34 103 1
34 104 1
34 105 1
34 106 1
34 107 1
34 109 1
34 112 1
34 113 1
34 117 1
34 118 1
34 121 1
34 122 1
34 124 1
35 36 1
35 37 1
35 40 1
35 42 1
35 43 1
35 47 1
35 48 1
35 49 1
35 50 1
35 51 1
35 52 1
35 54 1
35 57 1
35 59 1
35 61 1
35 64 1
35 65 1
35 66 1
35 68 1
35 70 1
35 74 1
35 75 1
35 81 1
35 82 1
35 88 1
35 89 1
35 90 1
35 91 1
35 93 1
35 94 1
35 101 1
35 102 1
35 105 1
35 107 1
35 108 1
35 109 1
35 110 1
35 111 1
35 114 1
35 117 1
35 118 1
35 119 1
35 120 1
35 122 1
35 123 1
35 124 1
36 38 1
36 39 1
36 40 1
36 41 1
36 43 1
36 45 1
36 46 1
36 51 1
36 52 1
36 54 1
36 59 1
36 60 1
36 61 1
36 62 1
36 64 1
36 65 1
36 70 1
36 71 1
36 76 1
36 77 1
36 78 1
36 79 1
36 83 1
36 84 1
36 86 1
36 87 1
36 89 1
36 90 1
36 91 1
36 92 1
36 94 1
36 95 1
36 98 1
36 100 1
36 106 1
36 109 1
36 111 1
36 117 1
36 118 1
36 119 1
36 120 1
36 123 1
36 124 1
36 125 1
37 38 1
37 39 1
37 41 1
37 42 1
37 44 1
37 47 1
37 49 1
37 50 1
37 51 1
37 52 1
37 53 1
37 55 1
37 57 1
37 59 1
37 60 1
37 61 1
37 62 1
37 64 1
37 66 1
37 69 1
37 70 1
37 73 1
37 76 1
37 77 1
37 79 1
37 81 1
37 84 1
37 86 1
37 87 1
37 89 1
37 90 1
37 91 1
37 92 1
37 94 1
37 95 1
37 98 1
37 101 1
37 104 1
37 105 1
37 106 1
37 107 1
37 111 1
37 112 1
37 114 1
37 115 1
37 117 1
37 124 1
37 125 1
38 39 1
38 41 1
38 46 1
38 47 1
38 48 1
38 50 1
38 53 1
38 56 1
38 58 1
38 61 1
38 65 1
38 67 1
38 72 1
38 73 1
38 74 1
38 75 1
38 79 1
38 80 1
38 81 1
38 82 1
38 83 1
38 85 1
38 88 1
38 90 1
38 93 1
38 96 1
38 97 1
38 98 1
38 99 1
38 103 1
38 104 1
38 107 1
38 108 1
38 109 1
38 110 1
38 112 1
38 115 1
38 116 1
38 117 1
38 119 1
38 121 1
38 122 1
38 124 1
39 40 1
39 41 1
39 42 1
39 46 1
39 47 1
39 49 1
39 50 1
39 53 1
39 55 1
39 59 1
39 61 1
39 64 1
39 70 1
39 71 1
39 74 1
39 76 1
39 79 1
39 80 1
39 81 1
39 82 1
39 83 1
39 84 1
39 85 1
39 87 1
39 88 1
39 90 1
39 91 1
39 92 1
39 93 1
39 94 1
39 95 1
39 96 1
39 97 1
39 102 1
39 105 1
39 107 1
39 108 1
39 109 1
39 112 1
39 115 1
39 116 1
39 118 1
39 121 1
39 122 1
39 123 1
39 125 1
40 43 1
40 46 1
40 47 1
40 50 1
40 54 1
40 55 1
40 57 1
40 61 1
40 65 1
40 66 1
40 69 1
40 72 1
40 74 1
40 75 1
40 80 1
40 81 1
40 82 1
40 85 1
40 97 1
40 98 1
40 99 1
40 102 1
40 103 1
40 104 1
40 105 1
40 107 1
40 108 1
40 109 1
40 112 1
40 113 1
40 114 1
40 119 1
40 120 1
40 122 1
40 125 1
41 42 1
41 43 1
41 46 1
41 47 1
41 48 1
41 49 1
41 51 1
41 52 1
41 54 1
41 55 1
41 56 1
41 60 1
41 62 1
41 64 1
41 65 1
41 66 1
41 67 1
41 68 1
41 69 1
41 70 1
41 71 1
41 72 1
41 73 1
41 77 1
41 78 1
41 79 1
41 80 1
41 81 1
41 83 1
41 84 1
41 85 1
41 88 1
41 89 1
41 91 1
41 92 1
41 94 1
41 96 1
41 97 1
41 99 1
41 101 1
41 102 1
41 103 1
41 104 1
41 106 1
41 108 1
41 110 1
41 114 1
41 117 1
41 124 1
42 43 1
42 45 1
42 46 1
42 48 1
42 54 1
42 58 1
42 59 1
42 61 1
42 65 1
42 68 1
42 69 1
42 71 1
42 73 1
42 74 1
42 78 1
42 80 1
42 85 1
42 88 1
42 89 1
42 90 1
42 92 1
42 93 1
42 94 1
42 96 1
42 100 1
42 101 1
42 103 1
42 104 1
42 105 1
42 107 1
42 108 1
42 109 1
42 111 1
42 112 1
42 113 1
42 114 1
42 116 1
42 118 1
42 119 1
42 120 1
42 121 1
42 124 1
43 46 1
43 47 1
43 48 1
43 49 1
43 51 1
43 52 1
43 54 1
43 55 1
43 59 1
43 61 1
43 62 1
43 63 1
43 64 1
43 67 1
43 69 1
43 70 1
43 71 1
43 72 1
43 73 1
43 74 1
43 77 1
43 80 1
43 81 1
43 82 1
43 85 1
43 86 1
43 87 1
43 89 1
43 90 1
43 92 1
43 93 1
43 94 1
43 95 1
43 96 1
43 98 1
43 100 1
43 101 1
43 103 1
43 105 1
43 111 1
43 113 1
43 115 1
43 117 1
43 118 1
43 120 1
43 122 1
43 123 1
44 46 1
44 47 1
44 48 1
44 49 1
44 54 1
44 55 1
44 59 1
44 62 1
44 63 1
44 66 1
44 67 1
44 68 1
44 73 1
44 74 1
44 75 1
44 76 1
44 77 1
44 79 1
44 81 1
44 84 1
44 85 1
44 86 1
44 88 1
44 89 1
44 90 1
44 95 1
44 96 1
44 97 1
44 99 1
44 102 1
44 103 1
44 105 1
44 106 1
44 108 1
44 109 1
44 114 1
44 116 1
44 118 1
44 119 1
44 120 1
44 124 1
44 125 1
45 46 1
45 47 1
45 49 1
45 50 1
45 52 1
45 53 1
45 55 1
45 57 1
45 58 1
45 60 1
45 64 1
45 65 1
45 69 1
45 75 1
45 76 1
45 77 1
45 79 1
45 85 1
45 86 1
45 87 1
45 88 1
45 89 1
45 90 1
45 91 1
45 95 1
45 97 1
45 98 1
45 99 1
45 100 1
45 101 1
45 102 1
45 104 1
45 105 1
45 106 1
45 107 1
45 108 1
45 109 1
45 110 1
45 113 1
45 115 1
45 116 1
45 120 1
45 121 1
45 123 1
45 124 1
45 125 1
46 49 1
46 50 1
46 55 1
46 57 1
46 62 1
46 63 1
46 66 1
46 67 1
46 69 1
46 70 1
46 72 1
46 75 1
46 76 1
46 77 1
46 81 1
46 83 1
46 87 1
46 88 1
46 89 1
46 92 1
46 93 1
46 96 1
46 97 1
46 98 1
46 99 1
46 101 1
46 102 1
46 103 1
46 104 1
46 109 1
46 116 1
46 119 1
46 121 1
46 122 1
46 124 1
47 48 1
47 50 1
47 56 1
47 58 1
47 60 1
47 65 1
47 66 1
47 68 1
47 71 1
47 72 1
47 74 1
47 75 1
47 76 1
47 80 1
47 83 1
47 84 1
47 86 1
47 88 1
47 90 1
47 92 1
47 93 1
47 95 1
47 99 1
47 101 1
47 107 1
47 109 1
47 110 1
47 111 1
47 112 1
47 114 1
47 116 1
47 117 1
47 119 1
47 121 1
47 122 1
47 125 1
48 53 1
48 55 1
48 59 1
48 61 1
48 62 1
48 72 1
48 73 1
48 75 1
48 76 1
48 80 1
48 81 1
48 85 1
48 86 1
48 87 1
48 89 1
48 93 1
48 98 1
48 100 1
48 101 1
48 103 1
48 104 1
48 106 1
48 109 1
48 110 1
48 112 1
48 116 1
48 117 1
48 119 1
48 120 1
48 122 1
48 124 1
49 51 1
49 55 1
49 56 1
49 58 1
49 60 1
49 64 1
49 65 1
49 66 1
49 69 1
49 70 1
49 73 1
49 75 1
49 76 1
49 81 1
49 84 1
49 86 1
49 88 1
49 90 1
49 91 1
49 94 1
49 95 1
49 99 1
49 100 1
49 101 1
49 104 1
49 105 1
49 110 1
49 111 1
49 113 1
49 114 1
49 117 1
49 118 1
49 119 1
49 120 1
49 121 1
50 52 1
50 56 1
50 58 1
50 62 1
50 64 1
50 66 1
50 68 1
50 69 1
50 70 1
50 71 1
50 72 1
50 76 1
50 77 1
50 78 1
50 81 1
50 82 1
50 84 1
50 86 1
50 87 1
50 88 1
50 90 1
50 93 1
50 95 1
50 96 1
50 97 1
50 98 1
50 101 1
50 102 1
50 103 1
50 105 1
50 106 1
50 108 1
50 110 1
50 111 1
50 112 1
50 115 1
50 120 1
50 121 1
50 124 1
50 125 1
51 52 1
51 53 1
51 54 1
51 57 1
51 60 1
51 68 1
51 69 1
51 71 1
51 72 1
51 76 1
51 78 1
51 83 1
51 86 1
51 87 1
51 88 1
51 90 1
51 92 1
51 94 1
51 97 1
51 98 1
51 103 1
51 104 1
51 105 1
51 106 1
51 107 1
51 111 1
51 112 1
51 116 1
51 118 1
51 120 1
51 121 1
51 123 1
51 124 1
51 125 1
52 54 1
52 55 1
52 58 1
52 59 1
52 60 1
52 61 1
52 62 1
52 63 1
52 66 1
52 67 1
52 68 1
52 69 1
52 70 1
52 75 1
52 76 1
52 79 1
52 80 1
52 82 1
52 83 1
52 84 1
52 86 1
52 87 1
52 89 1
52 92 1
52 93 1
52 94 1
52 96 1
52 100 1
52 102 1
52 103 1
52 104 1
52 105 1
52 107 1
52 108 1
52 116 1
52 117 1
52 118 1
52 119 1
52 121 1
52 123 1
53 54 1
53 55 1
53 57 1
53 61 1
53 62 1
53 63 1
53 65 1
53 67 1
53 69 1
53 72 1
53 73 1
53 75 1
53 76 1
53 77 1
53 78 1
53 80 1
53 83 1
53 84 1
53 85 1
53 90 1
53 91 1
53 92 1
53 95 1
53 96 1
53 98 1
53 100 1
53 102 1
53 104 1
53 106 1
53 107 1
53 110 1
53 113 1
53 114 1
53 117 1
53 118 1
53 125 1
54 58 1
54 63 1
54 64 1
54 66 1
54 67 1
54 68 1
54 73 1
54 75 1
54 77 1
54 78 1
54 86 1
54 87 1
54 88 1
54 91 1
54 93 1
54 100 1
54 101 1
54 104 1
54 106 1
54 107 1
54 109 1
54 111 1
54 112 1
54 113 1
54 115 1
54 116 1
54 118 1
54 119 1
55 56 1
55 58 1
55 59 1
55 60 1
55 63 1
55 64 1
55 67 1
55 68 1
55 69 1
55 71 1
55 75 1
55 76 1
55 78 1
55 79 1
55 81 1
55 83 1
55 84 1
55 88 1
55 89 1
55 91 1
55 92 1
55 95 1
55 96 1
55 98 1
55 99 1
55 103 1
55 104 1
55 105 1
55 108 1
55 109 1
55 112 1
55 113 1
55 116 1
55 117 1
55 119 1
55 120 1
55 122 1
55 123 1
55 124 1
56 59 1
56 63 1
56 67 1
56 69 1
56 70 1
56 72 1
56 73 1
56 74 1
56 77 1
56 78 1
56 79 1
56 82 1
56 85 1
56 86 1
56 88 1
56 89 1
56 91 1
56 92 1
56 94 1
56 97 1
56 98 1
56 101 1
56 102 1
56 103 1
56 105 1
56 108 1
56 109 1
56 113 1
56 115 1
56 122 1
56 124 1
57 58 1
57 59 1
57 60 1
57 63 1
57 66 1
57 67 1
57 68 1
57 69 1
57 71 1
57 74 1
57 75 1
57 79 1
57 80 1
57 82 1
57 84 1
57 85 1
57 86 1
57 87 1
57 88 1
57 91 1
57 95 1
57 97 1
57 98 1
57 102 1
57 107 1
57 108 1
57 110 1
57 113 1
57 115 1
57 116 1
57 117 1
57 122 1
57 125 1
58 59 1
58 61 1
58 62 1
58 63 1
58 65 1
58 70 1
58 72 1
58 73 1
58 75 1
58 77 1
58 81 1
58 83 1
58 84 1
58 88 1
58 90 1
58 91 1
58 92 1
58 93 1
58 94 1
58 99 1
58 101 1
58 102 1
58 106 1
58 110 1
58 111 1
58 113 1
58 115 1
58 117 1
58 118 1
58 119 1
58 120 1
58 123 1
59 60 1
59 62 1
59 63 1
59 66 1
59 67 1
59 68 1
59 72 1
59 73 1
59 76 1
59 77 1
59 78 1
59 84 1
59 85 1
59 86 1
59 92 1
59 95 1
59 96 1
59 101 1
59 102 1
59 104 1
59 105 1
59 107 1
59 109 1
59 111 1
59 113 1
59 115 1
59 116 1
59 119 1
59 120 1
59 123 1
59 124 1
60 62 1
60 64 1
60 66 1
60 67 1
60 68 1
60 70 1
60 71 1
60 72 1
60 73 1
60 74 1
60 83 1
60 84 1
60 86 1
60 87 1
60 88 1
60 90 1
60 92 1
60 95 1
60 105 1
60 106 1
60 107 1
60 108 1
60 110 1
60 112 1
60 113 1
60 114 1
60 116 1
60 118 1
60 119 1
60 120 1
60 121 1
61 62 1
61 63 1
61 64 1
61 66 1
61 69 1
61 70 1
61 71 1
61 72 1
61 74 1
61 75 1
61 77 1
61 78 1
61 79 1
61 80 1
61 81 1
61 83 1
61 86 1
61 88 1
61 90 1
61 92 1
61 93 1
61 94 1
61 96 1
61 99 1
61 100 1
61 101 1
61 103 1
61 104 1
61 105 1
61 108 1
61 111 1
61 116 1
61 118 1
61 120 1
61 121 1
61 124 1
62 63 1
62 64 1
62 66 1
62 67 1
62 68 1
62 69 1
62 70 1
62 71 1
62 72 1
62 76 1
62 79 1
62 80 1
62 81 1
62 84 1
62 85 1
62 88 1
62 89 1
62 94 1
62 95 1
62 97 1
62 98 1
62 99 1
62 100 1
62 102 1
62 103 1
62 104 1
62 105 1
62 106 1
62 107 1
62 111 1
62 112 1
62 113 1
62 115 1
62 119 1
63 66 1
63 68 1
63 69 1
63 71 1
63 72 1
63 73 1
63 74 1
63 75 1
63 76 1
63 82 1
63 83 1
63 84 1
63 86 1
63 87 1
63 88 1
63 89 1
63 93 1
63 96 1
63 98 1
63 101 1
63 103 1
63 104 1
63 106 1
63 107 1
63 112 1
63 113 1
63 116 1
63 117 1
63 118 1
63 119 1
63 120 1
63 121 1
63 122 1
63 123 1
64 66 1
64 67 1
64 68 1
64 70 1
64 71 1
64 73 1
64 74 1
64 77 1
64 78 1
64 81 1
64 87 1
64 88 1
64 89 1
64 90 1
64 91 1
64 92 1
64 94 1
64 95 1
64 97 1
64 98 1
64 99 1
64 102 1
64 103 1
64 106 1
64 108 1
64 110 1
64 113 1
64 115 1
64 116 1
64 118 1
64 124 1
64 125 1
65 67 1
65 68 1
65 70 1
65 71 1
65 72 1
65 74 1
65 75 1
65 76 1
65 77 1
65 80 1
65 82 1
65 84 1
65 85 1
65 88 1
65 89 1
65 90 1
65 92 1
65 94 1
65 95 1
65 97 1
65 99 1
65 100 1
65 101 1
65 103 1
65 105 1
65 110 1
65 113 1
65 115 1
65 116 1
65 118 1
65 121 1
65 125 1
66 67 1
66 68 1
66 73 1
66 75 1
66 76 1
66 79 1
66 80 1
66 81 1
66 83 1
66 84 1
66 86 1
66 87 1
66 92 1
66 93 1
66 95 1
66 100 1
66 101 1
66 103 1
66 105 1
66 109 1
66 110 1
66 120 1
66 122 1
66 123 1
66 124 1
67 68 1
67 69 1
67 70 1
67 71 1
67 75 1
67 76 1
67 77 1
67 78 1
67 80 1
67 81 1
67 83 1
67 84 1
67 86 1
67 87 1
67 89 1
67 90 1
67 91 1
67 93 1
67 94 1
67 96 1
67 100 1
67 104 1
67 108 1
67 110 1
67 111 1
67 112 1
67 113 1
67 114 1
67 117 1
67 118 1
67 119 1
67 120 1
67 121 1
67 124 1
68 70 1
68 71 1
68 72 1
68 77 1
68 81 1
68 83 1
68 85 1
68 87 1
68 89 1
68 95 1
68 96 1
68 97 1
68 100 1
68 102 1
68 103 1
68 106 1
68 111 1
68 115 1
68 117 1
68 118 1
68 121 1
68 122 1
68 125 1
69 70 1
69 72 1
69 73 1
69 74 1
69 75 1
69 76 1
69 77 1
69 79 1
69 81 1
69 82 1
69 84 1
69 85 1
69 86 1
69 89 1
69 92 1
69 96 1
69 105 1
69 107 1
69 108 1
69 110 1
69 111 1
69 114 1
69 115 1
69 116 1
69 117 1
69 119 1
69 120 1
69 121 1
69 122 1
69 124 1
69 125 1
70 71 1
70 72 1
70 73 1
70 74 1
70 75 1
70 76 1
70 79 1
70 80 1
70 82 1
70 83 1
70 89 1
70 95 1
70 97 1
70 101 1
70 103 1
70 104 1
70 106 1
70 107 1
70 109 1
70 110 1
70 111 1
70 112 1
70 116 1
70 117 1
70 119 1
70 121 1
70 123 1
70 124 1
70 125 1
71 73 1
71 74 1
71 76 1
71 78 1
71 79 1
71 80 1
71 83 1
71 87 1
71 90 1
71 91 1
71 93 1
71 95 1
71 97 1
71 99 1
71 101 1
71 104 1
71 105 1
71 106 1
71 108 1
71 110 1
71 111 1
71 115 1
71 116 1
71 117 1
71 118 1
71 119 1
71 122 1
71 123 1
71 124 1
72 73 1
72 74 1
72 76 1
72 78 1
72 79 1
72 81 1
72 85 1
72 87 1
72 88 1
72 90 1
72 92 1
72 93 1
72 96 1
72 97 1
72 98 1
72 100 1
72 101 1
72 102 1
72 106 1
72 107 1
72 108 1
72 109 1
72 113 1
72 114 1
72 115 1
72 119 1
72 121 1
73 76 1
73 77 1
73 78 1
73 79 1
73 80 1
73 81 1
73 82 1
73 83 1
73 84 1
73 87 1
73 89 1
73 90 1
73 92 1
73 93 1
73 94 1
73 96 1
73 97 1
73 98 1
73 100 1
73 102 1
73 104 1
73 106 1
73 118 1
73 119 1
73 121 1
73 123 1
73 124 1
74 75 1
74 76 1
74 79 1
74 81 1
74 84 1
74 86 1
74 87 1
74 88 1
74 89 1
74 90 1
74 92 1
74 93 1
74 94 1
74 96 1
74 97 1
74 98 1
74 99 1
74 101 1
74 106 1
74 107 1
74 111 1
74 112 1
74 114 1
74 116 1
74 117 1
74 118 1
74 119 1
74 120 1
74 121 1
74 123 1
74 124 1
74 125 1
75 78 1
75 80 1
75 81 1
75 85 1
75 87 1
75 88 1
75 89 1
75 90 1
75 93 1
75 94 1
75 96 1
75 97 1
75 98 1
75 99 1
75 100 1
75 101 1
75 102 1
75 104 1
75 107 1
75 108 1
75 109 1
75 112 1
75 115 1
75 116 1
75 118 1
75 120 1
75 121 1
75 125 1
76 78 1
76 82 1
76 83 1
76 84 1
76 85 1
76 86 1
76 87 1
76 88 1
76 90 1
76 91 1
76 94 1
76 96 1
76 98 1
76 99 1
76 100 1
76 104 1
76 105 1
76 107 1
76 109 1
76 110 1
76 111 1
76 113 1
76 114 1
76 115 1
76 116 1
76 117 1
76 120 1
76 121 1
76 122 1
76 123 1
76 124 1
77 80 1
77 81 1
77 83 1
77 86 1
77 87 1
77 88 1
77 90 1
77 92 1
77 95 1
77 96 1
77 97 1
77 98 1
77 99 1
77 101 1
77 102 1
77 105 1
77 106 1
77 107 1
77 110 1
77 111 1
77 114 1
77 116 1
77 119 1
77 121 1
77 123 1
77 125 1
78 79 1
78 82 1
78 83 1
78 86 1
78 87 1
78 88 1
78 91 1
78 94 1
78 95 1
78 96 1
78 97 1
78 99 1
78 101 1
78 102 1
78 103 1
78 104 1
78 108 1
78 109 1
78 112 1
78 114 1
78 115 1
78 116 1
78 117 1
78 118 1
78 120 1
78 124 1
79 81 1
79 82 1
79 83 1
79 84 1
79 87 1
79 96 1
79 100 1
79 101 1
79 102 1
79 104 1
79 105 1
79 106 1
79 108 1
79 111 1
79 114 1
79 115 1
79 116 1
79 117 1
79 118 1
79 119 1
79 121 1
79 123 1
79 124 1
80 82 1
80 83 1
80 90 1
80 92 1
80 95 1
80 97 1
80 99 1
80 102 1
80 105 1
80 106 1
80 107 1
80 113 1
80 120 1
80 121 1
80 124 1
80 125 1
81 82 1
81 86 1
81 87 1
81 91 1
81 92 1
81 93 1
81 95 1
81 97 1
81 99 1
81 103 1
81 104 1
81 105 1
81 113 1
81 116 1
81 117 1
81 118 1
81 119 1
81 120 1
81 121 1
81 123 1
81 124 1
82 85 1
82 87 1
82 91 1
82 93 1
82 94 1
82 96 1
82 97 1
82 98 1
82 99 1
82 100 1
82 103 1
82 104 1
82 106 1
82 108 1
82 111 1
82 113 1
82 114 1
82 115 1
82 116 1
82 117 1
82 118 1
82 119 1
82 120 1
82 122 1
82 125 1
83 86 1
83 88 1
83 89 1
83 94 1
83 97 1
83 99 1
83 103 1
83 105 1
83 108 1
83 110 1
83 111 1
83 113 1
83 115 1
83 116 1
83 117 1
83 118 1
83 120 1
83 121 1
83 122 1
83 123 1
83 125 1
84 86 1
84 88 1
84 90 1
84 94 1
84 96 1
84 101 1
84 103 1
84 105 1
84 108 1
84 110 1
84 111 1
84 113 1
84 114 1
84 115 1
84 116 1
84 119 1
84 122 1
84 124 1
84 125 1
85 88 1
85 90 1
85 91 1
85 92 1
85 94 1
85 96 1
85 100 1
85 102 1
85 104 1
85 106 1
85 108 1
85 110 1
85 111 1
85 114 1
85 116 1
85 117 1
85 118 1
85 120 1
85 121 1
85 122 1
85 124 1
86 88 1
86 89 1
86 90 1
86 93 1
86 96 1
86 98 1
86 105 1
86 106 1
86 107 1
86 109 1
86 110 1
86 113 1
86 117 1
86 119 1
86 120 1
86 121 1
86 122 1
86 123 1
86 124 1
87 88 1
87 89 1
87 90 1
87 91 1
87 92 1
87 97 1
87 98 1
87 101 1
87 103 1
87 105 1
87 107 1
87 109 1
87 111 1
87 113 1
87 115 1
87 117 1
87 119 1
87 122 1
87 123 1
87 124 1
88 89 1
88 93 1
88 96 1
88 97 1
88 99 1
88 100 1
88 104 1
88 107 1
88 110 1
88 111 1
88 113 1
88 114 1
88 115 1
88 117 1
88 119 1
88 120 1
88 121 1
88 123 1
88 125 1
89 90 1
89 92 1
89 93 1
89 94 1
89 95 1
89 96 1
89 97 1
89 98 1
89 99 1
89 103 1
89 105 1
89 107 1
89 109 1
89 110 1
89 111 1
89 114 1
89 115 1
89 118 1
89 120 1
89 121 1
89 122 1
89 124 1
90 92 1
90 95 1
90 97 1
90 98 1
90 100 1
90 101 1
90 102 1
90 103 1
90 105 1
90 107 1
90 109 1
90 110 1
90 112 1
90 113 1
90 115 1
90 118 1
91 92 1
91 95 1
91 97 1
91 98 1
91 99 1
91 102 1
91 103 1
91 106 1
91 108 1
91 109 1
91 112 1
91 113 1
91 114 1
91 116 1
91 119 1
91 120 1
91 121 1
91 125 1
92 95 1
92 97 1
92 99 1
92 106 1
92 107 1
92 108 1
92 110 1
92 112 1
92 114 1
92 115 1
92 116 1
92 117 1
92 120 1
92 125 1
93 94 1
93 99 1
93 101 1
93 104 1
93 107 1
93 108 1
93 111 1
93 112 1
93 114 1
93 117 1
93 119 1
93 121 1
93 124 1
94 96 1
94 98 1
94 99 1
94 100 1
94 105 1
94 109 1
94 110 1
94 112 1
94 114 1
94 115 1
94 118 1
94 119 1
94 120 1
94 122 1
94 125 1
95 96 1
95 97 1
95 98 1
95 99 1
95 100 1
95 101 1
95 103 1
95 104 1
95 105 1
95 106 1
95 108 1
95 110 1
95 111 1
95 112 1
95 113 1
95 117 1
95 119 1
95 123 1
96 97 1
96 99 1
96 101 1
96 104 1
96 105 1
96 109 1
96 112 1
96 114 1
96 115 1
96 116 1
96 117 1
96 118 1
96 122 1
96 123 1
96 125 1
97 98 1
97 100 1
97 104 1
97 105 1
97 107 1
97 108 1
97 109 1
97 111 1
97 114 1
97 116 1
97 118 1
97 119 1
97 120 1
97 122 1
97 124 1
97 125 1
98 99 1
98 101 1
98 102 1
98 105 1
98 107 1
98 112 1
98 113 1
98 114 1
98 117 1
98 119 1
98 120 1
98 125 1
99 100 1
99 101 1
99 102 1
99 104 1
99 106 1
99 108 1
99 110 1
99 111 1
99 112 1
99 113 1
99 114 1
99 115 1
99 116 1
99 119 1
99 120 1
99 123 1
100 104 1
100 105 1
100 107 1
100 109 1
100 112 1
100 114 1
100 116 1
100 117 1
100 121 1
100 122 1
100 124 1
100 125 1
101 102 1
101 104 1
101 107 1
101 109 1
101 115 1
101 116 1
101 118 1
101 120 1
101 122 1
101 123 1
101 124 1
102 105 1
102 107 1
102 108 1
102 111 1
102 112 1
102 115 1
102 116 1
102 117 1
102 118 1
102 121 1
102 124 1
102 125 1
103 105 1
103 111 1
103 113 1
103 116 1
103 117 1
103 121 1
103 124 1
103 125 1
104 108 1
104 109 1
104 110 1
104 114 1
104 115 1
104 117 1
104 120 1
104 122 1
104 125 1
105 108 1
105 111 1
105 112 1
105 114 1
105 115 1
105 116 1
105 117 1
105 118 1
105 119 1
105 121 1
105 122 1
105 123 1
105 125 1
106 107 1
106 109 1
106 110 1
106 113 1
106 117 1
106 118 1
106 120 1
107 111 1
107 112 1
107 113 1
107 114 1
107 116 1
107 117 1
107 119 1
107 120 1
107 121 1
107 122 1
107 123 1
108 109 1
108 113 1
108 114 1
108 115 1
108 117 1
108 120 1
108 122 1
109 110 1
109 112 1
109 113 1
109 117 1
109 118 1
109 119 1
109 120 1
109 125 1
110 112 1
110 116 1
110 117 1
110 118 1
110 119 1
110 121 1
110 122 1
110 124 1
110 125 1
111 112 1
111 113 1
111 117 1
111 118 1
111 119 1
111 121 1
111 122 1
111 123 1
112 113 1
112 114 1
112 115 1
112 118 1
112 119 1
112 121 1
112 123 1
112 124 1
112 125 1
113 114 1
113 117 1
113 121 1
113 123 1
114 115 1
114 116 1
114 117 1
114 119 1
115 118 1
115 119 1
115 121 1
115 125 1
116 117 1
116 118 1
116 120 1
116 122 1
116 125 1
117 118 1
117 120 1
117 124 1
118 119 1
118 121 1
119 120 1
119 121 1
119 122 1
119 123 1
120 122 1
120 125 1
121 124 1
121 125 1
122 123 1
123 125 1
124 125 1
